0.02362111053533024
0.009554924401972028
0.007448126292890973
0.006369492204652893
0.005599686875939369
0.00527178934878773
0.004746865936451488
0.004312024472488297
0.004131093248724937
0.0038819167349073624
0.0037703937954372832
0.0036178656336334023
0.0034521452875600923
0.0031662906209627786
0.0030451408483915857
0.003007226230369674
0.0029592001189788185
0.003005774919357565
0.0027525570657518177
0.0027838189982705647
0.0028256606103645426
0.002786389821105533
0.002890693106585079
0.002769218840532833
0.002537385332915518
0.0025032006204128263
0.0024882202140159076
0.0025156984312666784
0.0024934303636352222
0.0024023604061868455
0.0023833949118852614
0.00237440833201011
0.0023662679932183687
0.0023331519009338487
0.0023106425172752807
0.0023016481763786737
0.002286246832874086
0.002315013234814008
0.002333231063352691
0.0023602452336086172
0.002250605076551437
0.0022878777649667525
0.002257970679137442
0.0022209443358911407
0.0022362153770195113
0.0022130998886293832
0.0022239357026086915
0.0022254673143227897
0.0021924060665898856
0.002180882936550511
0.0021728387930326997
0.00216389795144399
0.0021647921038998497
0.0021874258087741004
0.0021474019727773137
0.00214932548503081
0.0021376163388291992
0.002136276207036442
0.0021316997913850676
0.0021299023388160598
0.0021331253151098887
